0
164
328
492
656
820
984
1148
1312
1476
1640
1803
1966
2129
2292
2455
2618
2782
2945
3108
3271
3435
3599
3764
3927
4091
4254
4418
4582
4746
4911
5076
5241
5405
5568
5731
5894
6057
6221
6385
6549
6712
6875
7038
7202
7366
7530
7694
7858
8022
8185
8348
8512
8677
8841
9004
9167
9330
9493
9656
9820
9984
10148
10312
10475
10638
10801
10964
11127
11290
11454
11618
11781
11944
12107
12271
12435
12600
12764
12927
13090
13254
13417
13580
13743
13906
14070
14234
14399
14565
14729
14892
15055
15218
15381
15545
15710
15875
16039
16203
16367
16531
16695
16860
17025
17190
17355
17519
17684
17849
18013
18177
18341
18505
18669
18832
18998
19161
19325
19488
19651
19815
19979
20144
20309
20474
20638
20801
20964
21127
21290
21453
21616
21779
21943
22108
22271
22434
22597
22760
22923
23087
23251
23416
23580
23743
23906
24069
24233
24397
24561
24725
24890
25053
25216
25381
25545
25709
25874
26037
26200
26363
26527
26691
26856
27021
27186
27350
27514
27678
27841
28004
28168
28333
28498
28662
28825
28988
29151
29315
29479
29642
29805
29968
30131
30294
30458
30622
30786
30949
31112
31275
31438
31601
31764
31927
32090
32253
32416
32579
32743
32907
33072
33237
33402
33567
33731
33894
34058
34222
34387
34552
34717
34883
35047
35212
35377
35542
35708
35873
36039
36204
36370
36534
36698
36861
37025
37190
37355
37521
37687
37851
38015
38179
38343
38507
38672
38837
39002
39168
39333
39497
39661
39824
39987
40150
40313
40477
40642
40806
40970
41133
41297
41461
41625
41789
41953
42117
42281
42445
42610
42775
42940
43105
43271
43435
43598
43763
43927
44091
44256
44421
44586
44751
44916
45081
45247
45412
45576
45741
45906
46071
46236
46402
46568
46734
46900
47064
47229
47393
47559
47725
47891
48056
48220
48383
48547
48710
48873
49037
49201
49366
49531
49696
49860
50024
50187
50350
50513
50676
50839
51002
51165
51328
51491
51655
51818
51981
52146
52310
52473
52637
52800
52965
53128
53292
53455
53620
53785
53948
54113
54276
54441
54605
54768
54933
55096
55261
55425
55588
55753
55916
56080
56245
56408
56573
56736
56899
57064
57227
57391
57554
57719
57882
58047
58212
58375
58539
58704
58867
59031
59196
59359
59522
59687
59852
60015
60179
60342
60506
60669
60833
60998
61161
61326
61489
61652
61817
61980
62143
62306
62469
62633
62797
62963
63128
63293
63458
63621
63784
63947
64112
64277
64440
64604
64768
64932
65096
65260
65423
65586
65749
65912
66075
66240
66404
66568
66731
66895
67058
67221
67385
67549
67712
67876
68040
68204
68368
68532
68696
68859
69022
69186
69349
69512
69676
69839
70002
70165
70328
70491
70654
70817
70980
71143
71307
71470
71634
71797
71960
72123
72287
72450
72613
72774
72933
73091
73250
73410
73570
73730
73890
74049
74208
74368
74529
74690
74853
75015
75176
75336
75495
75655
75815
75975
76135
76294
76453
76612
76771
76929
77088
77248
77408
77568
77729
77888
78048
78206
78364
78524
78683
78844
79005
79168
79329
79490
79649
79811
79995
80197
80446
80609
80623
80722
80821
80920
81138
81356
81574
81792
82010
82228
82446
82664
82882
83100
83318
83536
83754
83972
84190
84393
84596
84799
85002
85205
85408
85611
85814
85972
86130
86288
86446
86609
86772
86936
87100
87264
87428
87592
87756
87920
88085
88249
88413
88577
88741
88904
89068
89232
89397
89562
89726
89890
90054
90218
90381
90539
